((("./Desktop/dos/imagecreate.sh" .
                                  [0 0 0 0 0 0 0 0 0 0 0 0 0 0 1 0 0 0 0 0 0 0 0 0 0 0 0 0])
  ("./Desktop/dos/" .
                    [0 0 0 0 0 0 0 0 0 0 1 0 0 0])
  ("./Desktop/" .
                [0 0 0 1 0 0 0 0 0 0])
  ("./powder.pref" .
                   [0 0 0 0 0 0 0 0 0 0 0 0 1])
  ("src" .
         [0 0 1])
  ("max/large-file-hook" .
                         [0 0 0 0 0 0 1 0 0 0 0 0 0 0 0 0 0 0 0])
  ("font-lock-mode" .
                    [0 0 0 0 0 0 0 0 0 1 0 0 0 0])
  ("big" .
         [1 0 0])
  ("files" .
           [1 0 0 0 0])
  ("stuff" .
           [1 0 0 0 0])
  ("some" .
          [1 0 0 0])
  ("windows" .
             [1 0 0 0 0 0 0])
  ("imp" .
         [1 0 0])
  ("sys.modules" .
                 [0 0 0 0 0 0 0 1 0 0 0])
  ("layer" .
           [2 0 0 0 0])
  ("build_layer" .
                 [0 0 0 0 0 0 0 0 0 0 1])
  ("BlockType" .
               [0 0 0 0 0 0 1 0 0])
  ("placing" .
             [0 0 0 0 1 0 0])
  ("robot.get_location" .
                        [0 0 0 0 0 0 0 1 0 1 0 0 0 0 0 0 0 0])
  ("block_type" .
                [0 0 0 0 0 0 1 0 0 0])
  ("robot.place" .
                 [1 0 0 0 0 0 0 0 0 0 0])
  ("type" .
          [1 0 0 0])
  ("robot.owner_name" .
                      [0 0 0 0 0 0 0 1 0 0 0 0 0 0 0 0])
  ("robot.find_path" .
                     [1 0 0 0 0 0 0 0 0 0 0 0 0 0 0])
  ("BlockType.DIRT" .
                    [0 0 0 0 0 0 0 0 0 0 0 1 0 1])
  ("BlockType.COAL" .
                    [0 0 0 0 0 0 0 0 0 0 0 0 0 1])
  ("Dir.BACKWARD" .
                  [0 0 0 0 0 1 0 0 0 0 0 0])
  ("Dir.FORWARD" .
                 [0 0 0 0 1 0 0 0 0 0 1])
  ("Dir.LEFT" .
              [1 0 0 0 0 0 2 0])
  ("Dir.RIGHT" .
               [0 0 0 0 0 0 1 0 0])
  ("Dir.UP" .
            [3 0 0 0 0 0])
  ("moving" .
            [4 0 0 0 0 2])
  ("direction" .
               [6 0 0 0 0 0 0 0 0])
  ("DOWN" .
          [4 0 0 0])
  ("Dir" .
         [8 0 0])
  ("robot.is_block_solid" .
                          [0 0 0 0 0 0 0 0 0 0 0 0 0 0 0 0 0 0 0 1])
  ("robot.move" .
                [4 0 0 0 0 0 0 0 0 0])
  ("Dir.DOWN" .
              [1 0 0 0 0 0 0 0])
  ("robot.mine" .
                [4 0 0 0 0 0 0 0 0 0])
  ("svn:ignore" .
                [0 0 0 1 0 0 0 0 0 0])
  ("Добавил" .
             [1 0 0 0 0 0 0])
  ("к" .
       [1])
  ("выбрасывется" .
                  [0 0 0 0 0 0 0 0 0 0 0 1])
  ("файла" .
           [2 0 0 0 0])
  ("так" .
         [1 0 0])
  ("когда" .
           [2 0 0 0 0])
  ("для" .
         [2 0 0])
  ("ignore" .
            [1 0 0 0 0 0])
  ("target" .
            [2 0 0 0 0 0])
  ("properties" .
                [1 0 0 0 0 0 0 0 0 0])
  ("newline" .
             [0 0 0 0 1 0 0])
  ("C-j" .
         [1 0 0])
  ("lisp-interaction-mode-map" .
                               [0 0 0 0 0 0 0 0 0 1 0 0 0 0 0 0 0 0 0 0 0 0 0 0 0])
  ("popup-pos-tip" .
                   [0 0 0 0 0 0 0 0 0 1 0 0 0])
  ("aheadsym" .
              [0 0 1 0 0 0 0 0])
  ("check-parens" .
                  [0 0 0 0 0 0 0 1 0 0 0 0])
  ("after-save-hook" .
                     [0 0 0 0 0 0 0 0 0 0 1 0 0 0 0])
  ("df" .
        [2 0])
  ("buffer-file-name" .
                      [0 0 0 0 0 0 1 2 0 1 0 0 0 0 0 0])
  ("me" .
        [1 0])
  ("<f5>" .
          [1 0 0 0])
  ("here" .
          [1 0 0 0])
  ("bsd" .
         [1 0 0])
  ("c-set-style" .
                 [0 0 0 0 1 0 0 0 0 0 0])
  ("c++-mode" .
              [2 0 0 1 0 0 0 0])
  ("cc-cpp-mode" .
                 [0 0 0 0 0 0 1 0 0 0 0])
  ("cc-mode" .
             [1 0 0 0 0 0 0])
  ("flymake" .
             [2 0 0 0 1 0 0])
  ("cc" .
        [3 0])
  ("mode" .
          [1 0 0 0])
  ("god" .
         [1 0 0])
  ("emms-play-dired" .
                     [0 0 0 0 0 0 0 1 0 0 0 0 0 0 0])
  ("emms-play-file" .
                    [0 0 0 0 0 0 0 1 0 0 0 0 0 0])
  ("emms-play-url" .
                   [0 0 0 0 0 0 1 0 0 0 0 0 0])
  ("w3m-goto-url-new-session" .
                              [0 0 0 0 0 0 1 0 0 0 0 0 0 0 0 0 0 0 0 0 0 0 0 0])
  ("w3m-find-file" .
                   [0 0 0 0 0 0 0 0 1 0 0 0 0])
  ("magit-push" .
                [1 0 0 0 0 0 0 0 0 0])
  (":commands" .
               [3 0 0 0 0 0 0 0 0])
  ("magit-status" .
                  [0 0 0 0 0 0 0 0 0 1 0 0])
  ("magit" .
           [1 0 0 0 0])
  ("M-z" .
         [1 0 0])
  ("ace-jump-mode" .
                   [1 0 0 0 0 0 0 0 0 0 0 0 0])
  ("ace-jump" .
              [1 0 0 0 0 0 0 0])
  ("key-chord-mode" .
                    [0 0 0 0 0 0 1 0 0 0 0 0 0 0])
  ("P" .
       [1])
  ("exp" .
         [1 0 0])
  ("recentf-ido-find-file" .
                           [0 0 0 0 0 0 0 0 0 0 0 1 0 0 0 0 0 0 0 0 0])
  (":bind" .
           [2 0 0 0 0])
  ("ido-go-home" .
                 [0 0 0 0 0 0 0 0 0 0 1])
  ("ido-vertical" .
                  [0 0 0 0 0 0 0 0 0 0 0 1])
  ("ido-vertical-mode" .
                       [0 0 0 0 0 0 0 0 0 1 0 0 0 0 0 0 0])
  (":init" .
           [12 0 0 0 0])
  (":ensure" .
             [1 0 0 0 0 0 0])
  ("ido-ubiquitous" .
                    [0 0 0 0 0 0 0 0 0 0 0 0 0 1])
  ("use-package" .
                 [0 0 1 12 4 1 0 0 0 0 3])
  (":config" .
             [16 0 0 0 0 0 0])
  ("ido-everywhere" .
                    [0 0 0 0 0 0 0 0 0 0 0 0 0 1])
  ("user-emacs-directory" .
                          [0 0 0 0 0 0 5 0 0 0 0 0 0 0 0 0 0 0 0 0])
  ("expand-file-name" .
                      [0 0 0 2 1 0 2 0 0 0 0 0 0 0 0 0])
  ("progn" .
           [14 0 0 0 0])
  (":initial" .
              [0 0 0 0 0 0 1 0])
  ("ido-mode" .
              [2 0 0 0 0 0 0 0])
  ("package" .
             [1 0 0 0 0 0 0])
  ("max/backup-directory" .
                          [0 0 0 0 0 2 1 0 0 0 0 0 0 0 0 0 0 0 0 0])
  ("/data/.emacs_backup/" .
                          [0 0 0 0 0 0 0 0 1 0 0 0 0 0 0 0 0 0 0 0])
  ("settings" .
              [1 0 0 0 0 0 0 0])
  ("behavior" .
              [1 0 0 0 0 0 0 0])
  ("appearence" .
                [1 0 0 0 0 0 0 0 0 0])
  ("Load" .
          [2 0 0 0])
  ("comboBox_6" .
                [0 0 0 1 0 0 0 0 0 0])
  ("addI" .
          [1 0 0 0])
  ("2d" .
        [1 0])
  ("Rock" .
          [1 0 0 0])
  ("Punk" .
          [1 0 0 0])
  ("Folk" .
          [1 0 0 0])
  ("set" .
         [1 0 0])
  ("musicListTree" .
                   [0 0 1 1 0 0 0 0 0 0 0 0 0])
  ("treeWidget1" .
                 [3 0 0 0 0 0 0 0 0 0 0])
  ("NoIcon" .
            [1 0 0 0 0 0])
  ("isHidden" .
              [0 0 0 0 0 0 0 1])
  ("DBAPI" .
           [1 0 0 0 0])
  ("C-return" .
              [0 0 0 0 0 1 0 0])
  ("le" .
        [1 0])
  ("pe" .
        [1 0])
  ("web" .
         [1 0 0])
  ("people" .
            [2 0 0 0 0 0])
  ("photo" .
           [2 0 0 0 0])
  ("nam" .
         [1 0 0])
  ("m" .
       [2])
  ("*scratch*" .
               [0 0 0 0 0 1 0 0 0])
  ("emacs" .
           [1 0 0 0 0])
  ("redundant" .
               [0 0 0 0 0 1 0 0 0])
  ("/" .
       [1])
  ("summ/2" .
            [1 0 0 0 0 0])
  ("rec" .
         [1 0 0])
  ("new_el" .
            [3 0 0 0 0 0])
  ("abs" .
         [1 0 0])
  ("new_sum" .
             [7 0 0 0 0 0 0])
  ("sum/2" .
           [4 0 0 0 0])
  ("r.sort" .
            [1 0 0 0 0 0])
  ("sum" .
         [9 0 0])
  ("sorted" .
            [4 0 0 0 0 0])
  ("r.append" .
              [1 0 0 0 0 0 0 0])
  ("ifelse" .
            [0 0 0 1 0 0])
  ("cd_s" .
          [2 0 0 0])
  ("cue2tracks_splitter" .
                         [0 0 0 0 0 0 0 0 0 0 0 0 0 0 0 0 0 0 1])
  ("cp" .
        [1 0])
  ("CD" .
        [1 0])
  ("cd_name" .
             [1 0 0 0 0 0 0])
  ("cue_files_name" .
                    [1 0 0 1 0 0 0 0 0 0 0 0 0 0])
  ("cd_num" .
            [3 0 0 0 0 0])
  ("5==5" .
          [1 0 0 0])
  ("/data/virtualbox_vms/folder/Music/" .
                                        [0 0 0 0 0 0 0 0 0 0 0 0 0 0 0 0 0 0 0 0 0 0 0 0 0 0 0 0 0 0 0 0 0 1])
  ("old_title_name" .
                    [0 0 0 0 0 1 0 0 0 0 0 0 0 0])
  ("old_performer_name" .
                        [0 0 0 1 0 0 0 0 0 0 0 0 0 0 0 0 0 0])
  ("temp_dir" .
              [1 0 0 0 0 0 0 0])
  ("move" .
          [1 0 0 3])
  ("concurrent.futures" .
                        [0 0 0 0 0 0 0 0 0 0 0 0 0 0 0 0 0 1])
  ("concurrent" .
                [0 0 0 0 1 0 0 0 0 0])
  ("thread.daemon" .
                   [0 0 0 0 0 0 0 0 0 0 0 0 1])
  ("Thread" .
            [0 0 0 0 1 0])
  ("load_images" .
                 [0 0 0 0 1 0 0 0 0 0 0])
  ("covers_directory" .
                      [0 0 0 1 1 0 0 0 0 0 0 0 0 0 0 0])
  ("im_t" .
          [1 0 0 0])
  ("display_covers2" .
                     [1 0 0 0 0 0 0 0 0 0 0 0 0 0 0])
  ("load_images2" .
                  [1 0 0 0 0 0 0 0 0 0 0 0])
  ("tr" .
        [1 0])
  ("ru" .
        [1 0])
  ("this" .
          [1 0 0 0])
  ("folder" .
            [1 0 0 0 0 0])
  ("No" .
        [1 0])
  ("fd.content" .
                [0 0 0 0 0 0 1 0 0 0])
  ("fd" .
        [1 0])
  ("requests.get" .
                  [1 0 0 0 0 0 0 0 0 0 0 0])
  ("im.show" .
             [1 0 0 0 0 0 0])
  ("urllib.request" .
                    [0 0 0 0 0 0 0 0 0 0 2 0 0 0])
  ("fd.text" .
             [1 0 0 0 0 0 0])
  ("o" .
       [1])
  ("requests" .
              [0 0 0 2 2 0 0 0])
  ("show_log" .
              [1 0 0 2 9 0 0 0])
  ("is_exit" .
             [0 0 0 0 0 0 2])
  ("true" .
          [2 0 0 0])
  ("quit" .
          [0 0 0 1])
  ("done" .
          [1 0 0 0])
  ("que" .
         [1 0 0])
  ("thread" .
            [1 0 0 0 1 0])
  ("threading" .
               [1 0 0 0 0 0 0 0 0])
  ("get_image" .
               [0 0 0 1 0 0 0 0 0])
  ("loaad_images" .
                  [0 0 0 0 0 0 0 0 0 0 0 1])
  ("albums_list_for_covers" .
                            [1 0 4 0 0 0 1 0 0 0 0 0 0 0 1 0 0 0 0 0 0 0])
  ("/test/img6" .
                [1 0 0 0 0 0 0 0 0 0])
  ("./test/img1.jpg" .
                     [1 0 0 0 0 0 0 0 0 0 0 0 0 0 0])
  ("Image.open" .
                [1 0 0 0 0 0 0 0 0 0])
  ("im_temp" .
             [0 0 0 1 0 0 0])
  ("wb" .
        [1 0])
  ("fp" .
        [3 0])
  ("io.BytesIO" .
                [0 0 0 0 1 0 0 0 0 0])
  ("jpg" .
         [3 0 0])
  ("i+1" .
         [1 0 0])
  ("/test/img" .
               [0 0 0 0 0 0 0 0 1])
  ("BytesIO" .
             [2 0 0 0 0 0 0])
  ("buffer" .
            [5 0 0 0 0 0])
  ("WRITEDATA" .
               [1 0 0 0 0 0 0 0 0])
  ("WRITE" .
           [0 0 0 0 1])
  ("w" .
       [1])
  ("setopt" .
            [1 0 0 0 0 0])
  ("get_images" .
                [0 0 0 0 1 0 0 0 0 0])
  ("try" .
         [1 0 0])
  ("pycurl" .
            [1 0 0 0 0 0])
  ("perform" .
             [0 0 0 0 0 0 1])
  ("the" .
         [5 0 0])
  ("jazz" .
          [1 0 0 0])
  ("queen" .
           [1 0 0 0 0])
  ("node" .
          [1 0 0 0])
  ("plt" .
         [1 0 0])
  ("gr.add_edge" .
                 [0 0 0 0 0 1 0 0 0 0 0])
  ("del_edges" .
               [0 0 0 0 0 0 0 0 1])
  ("gr.add_nodes" .
                  [1 0 0 0 0 0 0 0 0 0 0 0])
  ("gr" .
        [6 0])
  ("graph" .
           [2 0 0 0 0])
  ("pygraph.classes.graph" .
                           [0 0 0 0 0 0 0 0 0 0 0 0 0 0 0 0 0 0 0 0 1])
  ("vert" .
          [1 0 0 0])
  ("cycle" .
           [1 0 0 0 1])
  (">" .
       [2])
  ("pass" .
          [1 0 0 0])
  ("factorial" .
               [0 0 0 0 0 0 0 0 1])
  ("cl" .
        [2 0])
  ("edges" .
           [2 0 1 0 0])
  ("new_g" .
           [3 0 0 2 5])
  ("client.setvol" .
                   [1 0 0 0 0 0 0 0 0 0 0 0 0])
  ("song" .
          [0 0 1 0])
  ("client.play" .
                 [2 0 0 0 0 0 0 0 0 0 0])
  ("client.stats" .
                  [0 0 0 0 0 0 0 0 1 1 0 0])
  ("client.playlistinfo" .
                         [0 0 0 0 0 0 0 0 0 0 1 0 0 0 0 0 0 0 0])
  ("client.status" .
                   [1 0 0 0 0 0 0 0 0 0 0 0 0])
  ("electric-indent-mode" .
                          [0 0 0 0 0 0 0 0 0 0 0 0 0 0 0 0 0 0 0 1])
  ("false" .
           [2 0 0 0 0])
  ("cstate" .
            [0 0 0 0 0 1])
  ("showCue" .
             [0 0 0 0 2 0 0])
  ("setExpanded" .
                 [0 0 0 0 0 0 0 0 0 0 3])
  ("iterator" .
              [1 0 0 0 0 0 0 0])
  ("invisibleRootItem" .
                       [0 0 0 0 0 0 0 0 0 0 0 0 0 0 0 0 1])
  ("indexOfChild" .
                  [1 0 0 0 0 0 0 0 0 0 0 0])
  ("headerItem" .
                [1 0 0 0 0 0 0 0 0 0])
  ("el" .
        [2 0])
  ("takeTopLevelItem" .
                      [0 0 0 1 1 0 0 0 0 0 0 0 0 0 0 0])
  ("checked_items" .
                   [1 0 0 0 0 0 0 0 0 0 0 0 1])
  ("sudo-edit" .
               [1 0 0 0 0 0 0 0 0])
  ("sudo" .
          [1 0 0 0])
  ("parens" .
            [2 0 0 0 0 0])
  ("brackets" .
              [0 0 0 0 1 0 0 0])
  ("create" .
            [2 0 0 0 0 0])
  ("parse" .
           [1 0 0 0 0])
  ("edit_album_info" .
                     [0 0 0 0 1 0 0 0 0 0 0 0 0 0 0])
  ("db_dict" .
             [1 0 0 0 1 0 0])
  ("check_album_track_list" .
                            [0 0 0 0 0 0 0 0 0 0 1 0 0 0 0 0 0 0 0 0 0 0])
  ("music_list" .
                [7 0 1 0 0 0 0 0 2 0])
  ("check" .
           [1 0 0 0 1])
  ("?f" .
        [1 0])
  ("?d" .
        [2 0])
  ("?s" .
        [2 0])
  ("?h" .
        [1 0])
  ("using" .
           [1 0 0 0 0])
  ("result" .
            [1 0 0 0 0 0])
  ("Results" .
             [1 0 0 0 1 0 0])
  ("insert" .
            [5 0 0 0 1 0])
  ("RightAnswers" .
                  [0 0 0 0 0 0 0 0 0 0 0 1])
  ("RightAnswers.question_num" .
                               [0 0 0 2 0 0 0 0 0 0 0 0 0 0 0 0 0 0 0 0 0 0 0 0 0])
  ("Students" .
              [0 0 0 1 0 0 0 0])
  ("where" .
           [2 0 0 0 0])
  ("Courses" .
             [0 0 0 0 0 0 1])
  ("class" .
           [1 0 0 0 0])
  ("Qt" .
        [7 0])
  ("fi" .
        [1 0])
  ("C-u" .
         [1 0 0])
  ("w3m" .
         [4 0 0])
  ("documentation" .
                   [1 0 0 0 0 0 0 0 0 0 0 0 0])
  ("Show" .
          [1 0 0 0])
  ("class-list" .
                [1 0 0 0 0 0 0 0 0 0])
  ("browse-url" .
                [0 0 0 0 0 0 0 0 0 1])
  ("art" .
         [1 0 0])
  ("let" .
         [2 0 0])
  ("arg" .
         [3 0 0])
  ("dd" .
        [10 0])
  ("elpy-use-ipython" .
                      [0 0 0 0 0 0 0 1 0 0 0 1 0 0 0 0])
  ("python" .
            [2 0 0 0 0 0])
  ("elpy-enable" .
                 [0 0 0 1 0 0 0 0 0 0 0])
  ("pymacs-load" .
                 [1 0 0 0 0 0 0 0 0 0 0])
  ("onResize" .
              [0 0 1 0 0 0 0 0])
  ("resize" .
            [0 0 0 0 1 0])
  ("first_load" .
                [0 0 0 0 0 1 0 0 0 0])
  ("loaded" .
            [2 0 0 0 0 0])
  ("browser" .
             [1 0 0 0 0 0 1])
  ("Ui_MainWindow" .
                   [0 0 0 1 0 0 0 0 0 0 0 0 0])
  ("QMainWindow" .
                 [0 0 0 0 1 0 0 0 0 0 0])
  ("ui" .
        [12 0])
  ("currentWidget" .
                   [0 0 0 1 0 0 0 0 0 0 0 0 0])
  ("tab_2" .
           [1 0 0 0 0])
  ("BrowserTab" .
                [0 0 0 1 0 0 0 0 0 2])
  ("finder" .
            [1 0 0 0 0 0])
  ("Info" .
          [1 0 0 0])
  ("tabWidget" .
               [0 0 0 1 1 0 0 0 0])
  ("tabActions" .
                [0 0 0 1 0 0 0 0 0 0])
  ("Musicbrainz" .
                 [0 0 0 0 0 0 0 1 0 0 0])
  ("google" .
            [1 0 0 0 0 0])
  ("Google" .
            [1 0 0 0 0 0])
  ("toString" .
              [0 0 0 0 1 0 0 0])
  ("C" .
       [6])
  ("Core" .
          [2 0 1 0])
  ("currentIndex" .
                  [1 0 0 0 1 0 0 0 0 0 0 1])
  ("itemData" .
              [0 0 0 0 0 1 0 0])
  ("QVariant" .
              [0 0 0 1 0 0 0 0])
  ("Wikipedia" .
               [0 0 0 0 0 0 0 0 1])
  ("addItem" .
             [2 0 0 0 0 0 0])
  ("comboBox_2" .
                [4 0 0 0 0 0 0 0 0 0])
  ("comboBox_3" .
                [0 0 0 3 1 0 0 0 0 0])
  ("searchWord" .
                [0 0 0 0 0 0 0 0 1 0])
  ("connect" .
             [1 0 0 0 1 0 0])
  ("clicked" .
             [1 0 0 0 1 0 0])
  ("pushButton_2" .
                  [0 0 0 1 0 0 0 0 0 0 0 0])
  ("org" .
         [1 0 0])
  ("Theater" .
             [1 0 0 0 0 0 0])
  ("Buckethead" .
                [0 0 0 0 0 0 0 0 0 1])
  ("Volbeat" .
             [0 0 0 0 0 0 1])
  ("wordList" .
              [0 0 0 0 0 0 0 1])
  ("comboBox" .
              [1 0 0 0 0 0 0 1])
  ("QtCore" .
            [4 0 3 0 0 0])
  ("QUrl" .
          [2 0 1 0])
  ("www" .
         [1 0 0])
  ("http" .
          [1 0 0 0])
  ("com" .
         [3 0 0])
  ("wikipedia" .
               [1 0 0 0 0 0 0 0 0])
  ("setUrl" .
            [2 0 0 0 1 0])
  ("webView" .
             [0 0 2 3 0 0 0])
  ("valueChanged" .
                  [0 0 0 1 0 0 0 0 0 0 0 0])
  ("doubleSpinBox" .
                   [0 0 0 0 0 1 0 0 0 0 0 0 1])
  ("root_item" .
               [3 0 0 0 2 2 0 0 1])
  ("header" .
            [1 0 0 0 0 0])
  ("treeItem" .
              [2 0 0 0 0 1 1 2])
  ("insertTopLevelItem" .
                        [0 0 0 0 0 0 0 0 0 1 0 0 0 0 0 0 0 0])
  ("tree_widget" .
                 [0 0 0 0 0 0 0 0 1 0 0])
  ("loadAlbumsTree" .
                    [0 0 0 0 0 0 0 0 0 0 0 0 1 0])
  ("addTreeChild" .
                  [1 0 0 0 0 0 0 0 0 0 1 0])
  ("addTreeRoot" .
                 [4 0 0 0 0 0 0 0 0 1 1])
  ("add" .
         [1 0 0])
  ("treew" .
           [1 0 0 0 0])
  ("treeWidget" .
                [1 0 1 3 3 1 1 0 0 2])
  ("found_albums" .
                  [1 0 1 1 1 0 0 0 0 0 0 0])
  ("Tree" .
          [2 0 0 1])
  ("tree" .
          [6 0 0 0])
  ("description" .
                 [0 0 0 2 2 0 0 0 0 0 0])
  ("1.7.8" .
           [1 0 0 0 0])
  ("odd" .
         [1 0 0])
  ("diff" .
          [1 0 0 0])
  ("ar" .
        [1 0])
  ("map" .
         [1 0 0])
  ("rebind" .
            [0 0 0 0 1 0])
  ("zap-to-char" .
                 [0 0 0 1 0 0 0 0 0 0 1])
  ("x_q" .
         [1 0 0])
  ("first_set2" .
                [1 0 0 0 0 0 0 0 0 0])
  ("t_set" .
           [1 0 0 0 0])
  ("jj" .
        [7 0])
  ("right_t" .
             [0 0 3 3 0 0 2])
  ("right" .
           [1 0 0 0 0])
  ("left_t" .
            [4 0 3 1 1 4])
  ("e" .
       [4])
  ("foo" .
         [20 0 0])
  ("follow" .
            [5 0 0 1 0 0])
  ("terminals.pop" .
                   [0 0 0 0 0 0 0 0 0 0 0 1 0])
  ("terminals.reverse" .
                       [0 0 0 0 0 0 0 0 0 0 0 0 0 0 1 0 0])
  ("seq" .
         [2 0 0])
  ("seq.pop" .
             [1 0 0 0 0 0 0])
  ("st.append" .
               [0 0 0 0 0 1 0 0 0])
  ("parent" .
            [5 0 0 1 1 3])
  ("st.pop" .
            [0 0 0 0 0 1])
  ("E" .
       [2])
  ("T" .
       [8])
  ("A" .
       [4])
  ("input_file" .
                [0 0 0 1 0 0 0 0 0 0])
  ("load_rules" .
                [0 0 0 1 0 0 0 0 0 0])
  ("staticmethod" .
                  [0 0 1 1 0 0 0 0 0 0 0 0])
  ("start_seq" .
               [1 0 0 0 0 0 0 0 3])
  ("row" .
         [3 0 0])
  ("input4" .
            [6 0 0 0 0 0])
  ("END" .
         [2 0 0])
  ("tokens" .
            [3 0 0 1 2 1])
  ("tbl" .
         [1 0 0])
  ("rls" .
         [2 0 0])
  ("tks" .
         [3 0 0])
  ("RULES" .
           [2 1 0 1 3])
  ("is_errors_found" .
                     [0 0 0 0 0 0 0 0 0 0 0 0 0 0 2])
  ("Line" .
          [1 0 0 0])
  ("вершине" .
             [1 0 0 0 0 0 0])
  ("smeznie_vershini" .
                      [0 0 0 1 0 0 0 0 0 0 0 0 0 0 0 0])
  ("epylint" .
             [1 0 0 0 0 0 0])
  ("flymake-activate" .
                      [0 0 0 0 0 0 0 0 0 0 1 0 0 0 0 0])
  ("push" .
          [1 0 0 0])
  ("add-to-list" .
                 [0 0 0 0 0 1 0 0 0 0 0])
  ("flymake-create-temp-intemp" .
                                [1 0 0 0 0 0 0 0 0 0 0 0 0 0 0 0 0 0 0 0 0 0 0 0 0 0])
  ("flymake-mode" .
                  [2 0 0 0 1 0 0 0 0 0 0 0])
  ("os.path.join" .
                  [1 0 0 0 0 0 0 0 0 0 0 0])
  ("as" .
        [4 0])
  ("open" .
          [3 0 0 0])
  ("?" .
       [2])
  ("1.1110" .
            [1 0 0 0 0 0])
  ("ll" .
        [8 0])
  ("b" .
       [7])
  ("h" .
       [2])
  ("flymake-show-warerr-in-fringe" .
                                   [0 0 0 0 0 0 0 0 0 0 0 0 0 1 0 0 0 0 0 0 0 0 0 0 0 0 0 0 0])
  ("defun" .
           [6 0 0 0 0])
  ("def" .
         [6 0 0])
  ("файл" .
          [1 0 0 0])
  ("записываем" .
                [1 0 0 0 0 0 0 0 0 0])
  ("txt" .
         [1 0 0])
  ("единицу" .
             [0 0 0 1 0 0 0])
  ("прибавляем" .
                [1 0 0 0 0 0 0 0 0 0])
  ("эл" .
        [1 0])
  ("следующи" .
              [0 0 0 0 0 0 0 1])
  ("из" .
        [1 0])
  ("строку" .
            [2 0 0 0 0 0])
  ("число" .
           [1 0 0 0 0])
  ("конец" .
           [1 0 0 0 0])
  ("не" .
        [1 0])
  ("пока" .
          [1 0 0 0])
  ("списка" .
            [4 0 0 0 0 0])
  ("список" .
            [1 0 0 0 0 0])
  ("объявляем" .
               [1 0 0 0 0 0 0 0 0])
  ("массив" .
            [1 0 0 0 0 0])
  ("элемент" .
             [2 0 0 0 0 0 1])
  ("первый" .
            [2 0 0 0 0 0])
  ("указатель" .
               [3 0 0 0 0 0 0 0 0])
  ("first" .
           [11 0 0 2 1])
  ("то" .
        [1 0])
  ("столбцов" .
              [1 0 0 0 0 0 0 0])
  ("строк" .
           [4 0 0 0 0])
  ("на" .
        [6 0])
  ("если" .
          [2 0 0 0])
  ("проходим" .
              [2 0 0 0 0 0 0 0])
  ("матрицы" .
             [2 0 0 0 0 0 0])
  ("строки" .
            [1 0 0 0 0 0])
  ("до" .
        [1 0])
  ("количество" .
                [1 0 0 0 0 0 0 0 0 0])
  ("close" .
           [3 0 0 1 0])
  ("infile" .
            [1 0 0 0 0 0])
  ("max_num" .
             [1 0 0 0 0 0 0])
  ("start_dir" .
               [1 0 0 0 0 0 0 0 0])
  ("q" .
       [19])
  ("lt" .
        [8 0])
  ("track" .
           [0 0 0 0 1])
  ("local_tracks_path" .
                       [0 0 0 0 0 0 0 1 2 0 0 0 0 0 0 0 1])
  ("listdir" .
             [1 0 0 0 0 0 0])
  ("sandbox" .
             [0 0 1 0 0 1 0])
  ("is_quiet" .
              [0 0 0 2 1 0 0 0])
  ("is_quet" .
             [1 0 0 0 0 0 0])
  ("copyfile" .
              [0 0 0 1 0 0 0 0])
  ("max_local_db_size" .
                       [0 0 0 0 0 0 0 0 0 0 0 0 0 0 0 0 2])
  ("tracks" .
            [5 0 1 4 1 0])
  ("All" .
         [1 0 0])
  ("playlist" .
              [0 0 2 4 0 0 0 1])
  ("using_local_db" .
                    [0 0 0 0 0 0 0 0 0 0 0 0 0 1])
  ("exten" .
           [0 0 0 0 1])
  ("listened_tracks_file" .
                          [0 0 0 0 0 0 0 0 0 1 0 0 0 0 0 0 0 0 0 3])
  ("dump_listened_tracks" .
                          [0 0 0 1 0 0 0 0 0 0 0 0 0 0 0 0 0 0 0 1])
  ("pl" .
        [6 0])
  ("not_listened" .
                  [0 0 0 0 0 2 2 1 0 0 0 0])
  ("m_dir_first_list" .
                      [0 1 0 0 0 0 0 0 0 0 0 0 0 0 0 1])
  ("listened" .
              [7 1 1 0 0 0 0 2])
  ("track_list" .
                [0 0 0 1 1 1 0 0 0 0])
  ("load_listened_tracks" .
                          [1 1 0 1 0 0 0 0 0 0 0 0 0 0 0 0 0 0 0 0])
  ("y" .
       [4])
  ("Введите" .
             [0 0 0 0 0 0 1])
  ("max_path_st" .
                 [0 1 2 0 0 1 0 0 0 0 1])
  ("memcpy" .
            [0 0 0 0 0 2])
  ("MAX_PATH" .
              [0 0 1 2 0 0 0 0])
  ("g_n" .
         [8 0 0])
  ("conv" .
          [3 0 0 0])
  ("py" .
        [3 0])
  ("~/src//python/music_tools/music_tools.py" .
                                              [0 0 0 0 0 0 0 0 0 0 0 0 0 0 0 0 0 0 0 0 0 0 0 0 0 0 0 1 0 0 0 0 0 0 0 0 0 0 0 0])
  ("~/src//python/" .
                    [0 0 0 0 0 0 0 1 0 0 0 0 0 0])
  ("music_tools" .
                 [1 0 0 0 0 0 0 0 0 0 0])
  ("hi" .
        [3 0])
  ("max_line_size" .
                   [0 0 0 0 0 0 0 1 0 0 0 0 0])
  ("flacon_save_dir" .
                     [0 0 0 0 0 0 2 0 0 0 0 0 0 0 0])
  ("use_colors" .
                [1 0 0 0 0 0 0 0 0 0])
  ("use" .
         [1 0 0])
  ("performer" .
               [0 0 0 0 0 0 0 0 3])
  ("j" .
       [45])
  ("result_config" .
                   [0 0 0 1 1 0 1 1 0 0 0 0 0])
  ("ace-jump-buffer" .
                     [0 0 0 0 1 1 0 0 0 0 0 0 0 0 0])
  ("global-set-key" .
                    [0 0 0 0 1 0 0 0 0 0 0 0 0 0])
  ("ido-load-history" .
                      [0 0 0 0 0 0 1 0 0 0 0 0 0 0 0 0])
  ("icomplete-mode" .
                    [1 0 0 0 0 0 0 0 0 0 0 0 0 0])
  ("icomplete" .
               [0 0 0 0 0 0 0 0 1])
  ("turnn" .
           [1 0 0 0 0])
  ("turn_to" .
             [1 0 0 0 0 0 0])
  ("flymake-python-init" .
                         [0 0 0 0 0 0 0 0 0 0 1 1 2 0 0 0 0 0 0])
  ("jedi" .
          [1 0 0 0])
  ("lambda" .
            [4 0 1 0 0 1])
  ("lisp" .
          [1 0 0 0])
  ("ArRobot" .
             [0 0 0 0 0 0 1])
  ("ArSonarDevice" .
                   [0 0 0 0 0 0 0 0 0 0 0 0 1])
  ("sonar" .
           [3 0 0 0 0])
  ("ArUtil" .
            [0 0 0 1 0 0])
  ("unlock" .
            [0 0 0 0 0 1])
  ("setDeltaHeading" .
                     [0 0 0 0 0 0 1 0 0 0 0 0 0 0 0])
  ("lock" .
          [1 0 0 0])
  ("robot" .
           [20 0 0 0 9])
  ("RIGHT" .
           [0 0 2 1 0])
  ("LEFT_DIRECTION" .
                    [0 0 0 0 0 0 1 0 0 0 0 0 0 0])
  ("distAhead" .
               [2 0 0 0 0 0 0 0 0])
  ("double" .
            [1 0 0 0 0 2])
  ("on" .
        [2 0])
  ("additionMoveDistance" .
                          [0 0 0 0 2 0 0 0 0 0 0 0 0 0 0 0 0 0 0 0])
  ("ii" .
        [6 0])
  ("DISCNUMBER" .
                [0 0 0 0 1 0 0 0 0 0])
  ("action_callback" .
                     [0 0 0 0 0 0 0 0 1 0 0 0 0 0 0])
  ("address" .
             [0 0 0 0 0 0 1])
  ("pid" .
         [1 0 0])
  ("event" .
           [1 0 0 1 0])
  ("colorize" .
              [0 0 0 5 3 0 0 0])
  ("USE_COLORS" .
                [0 0 0 0 0 0 0 0 0 1])
  ("add_to_music_db" .
                     [0 0 1 0 0 0 0 0 0 0 0 0 0 0 0])
  ("format" .
            [0 1 0 0 2 1])
  ("genres_list_freq" .
                      [1 1 1 0 0 0 0 0 0 0 0 0 0 0 0 1])
  ("music_db" .
              [0 0 0 0 1 0 0 0])
  ("load_music_db" .
                   [0 0 0 0 1 0 0 0 0 0 0 0 0])
  ("freq" .
          [6 0 0 0])
  ("print_genres_list" .
                       [1 0 0 0 0 0 1 0 0 0 0 0 0 0 0 0 0])
  ("db" .
        [9 0])
  ("ValueError" .
                [0 0 0 0 1 2 0 0 0 0])
  ("dump_music_db" .
                   [1 0 0 0 0 0 0 1 0 0 0 0 0])
  ("musci_db" .
              [1 0 0 0 0 0 0 0])
  ("music_db_dict" .
                   [1 0 6 1 0 0 0 1 0 1 0 0 0])
  ("value" .
           [6 0 0 3 1])
  ("cue_index" .
               [0 0 1 0 0 0 0 1 3])
  ("choose_cue_num" .
                    [0 0 0 3 0 0 0 0 0 0 0 0 0 0])
  ("jedi-mode-map" .
                   [0 0 0 0 0 0 0 0 0 0 1 0 0])
  ("kbd" .
         [3 0 0])
  ("max/python-mode-fn" .
                        [0 0 0 0 0 1 0 0 0 0 0 0 0 0 0 0 0 0])
  ("python-mode-hook" .
                      [0 0 0 0 1 0 0 0 1 1 1 0 0 0 0 0])
  ("add-hook" .
              [1 0 0 2 0 1 0 2])
  ("jedi:key-complete" .
                       [0 0 0 0 0 0 0 1 0 1 0 0 0 0 0 0 0])
  ("dicts" .
           [1 0 0 0 0])
  ("soup" .
          [6 0 0 1])
  ("data" .
          [3 0 0 0])
  ("new_cd_file" .
                 [3 0 0 0 0 0 1 0 0 0 3])
  ("re" .
        [2 0])
  ("startswith" .
                [0 0 0 0 1 2 0 0 0 0])
  ("matches" .
             [2 0 0 1 0 0 3])
  ("get_proper_string" .
                       [0 1 0 0 3 0 0 0 0 0 0 1 0 0 0 0 0])
  ("gen_single_image" .
                      [0 0 0 0 0 0 1 0 0 0 0 0 0 0 0 0])
  ("new_line" .
              [18 0 0 0 0 0 0 0])
  ("first_key" .
               [1 0 0 0 0 0 0 0 1])
  ("cd_file" .
             [2 0 0 0 0 0 0])
  ("disc_info" .
               [3 0 0 0 0 0 1 0 2])
  ("disc" .
          [1 0 0 0])
  ("answ" .
          [17 0 0 1])
  ("old_cue" .
             [10 0 2 3 1 0 3])
  ("get_proper_file_name" .
                          [0 0 0 1 0 0 2 0 0 0 0 0 0 0 0 0 0 0 0 0])
  ("new" .
         [4 0 0])
  ("input_string" .
                  [0 0 0 0 2 0 0 0 0 0 0 0])
  ("get_proper_" .
                 [0 0 0 0 0 0 1 0 0 0 0])
  ("replace" .
             [1 0 2 5 4 1 1])
  ("ch" .
        [2 0])
  ("new_string" .
                [2 0 0 2 2 1 0 0 0 8])
  ("string" .
            [16 0 0 0 0 2])
  ("mfile" .
           [1 0 0 0 0])
  ("enumerate" .
               [1 0 5 2 6 2 0 0 5])
  ("cue" .
         [11 0 0])
  ("write" .
           [6 0 0 0 0])
  ("key" .
         [63 0 0])
  ("word" .
          [12 0 0 0])
  ("cue_head" .
              [9 0 1 1 1 1 0 3])
  ("rem" .
         [10 0 0])
  ("line" .
          [36 0 0 0])
  ("plot" .
          [1 0 0 0])
  ("continue" .
              [0 0 1 4 2 2 0 0])
  ("lower" .
           [2 0 0 2 0])
  ("splitted" .
              [0 0 0 0 0 0 0 1])
  ("covers" .
            [2 0 0 0 0 0])
  ("cover" .
           [1 0 0 0 0])
  ("err" .
         [2 0 0])
  ("year" .
          [2 0 1 1])
  ("albums_list" .
                 [2 0 2 2 1 1 0 0 0 0 5])
  ("path_to_performer" .
                       [0 0 1 2 2 0 0 0 0 0 0 0 0 0 0 0 3])
  ("argv" .
          [1 0 1 1])
  ("s" .
       [15])
  ("qt_edition" .
                [0 0 0 0 0 0 0 0 0 1])
  ("found" .
           [6 0 0 1 5])
  ("downloads" .
               [1 0 0 0 0 0 0 0 0])
  ("end" .
         [2 0 0])
  ("field" .
           [2 0 0 0 0])
  ("file" .
          [0 0 0 1])
  ("category" .
              [0 0 0 0 0 0 0 2])
  ("method" .
            [0 0 1 0 0 0])
  ("message_id" .
                [0 0 0 0 0 0 0 1 0 2])
  ("filename" .
              [2 0 0 0 0 0 0 0])
  ("id_count" .
              [1 0 0 0 0 0 0 2])
  ("name_pattern" .
                  [0 0 0 0 0 1 0 0 0 0 0 0])
  ("directory" .
               [0 0 0 0 2 1 0 0 4])
  ("os" .
        [35 0])
  ("counter_pattern" .
                     [0 0 0 0 0 0 0 0 0 0 0 0 0 0 1])
  ("n" .
       [16])
  ("names_pattern" .
                   [0 0 0 0 0 0 0 0 0 0 0 0 1])
  ("artist" .
            [7 0 0 1 0 1])
  ("title" .
           [7 1 2 0 1])
  ("url" .
         [28 0 0])
  ("music" .
           [3 0 0 0 1])
  ("itoa" .
          [1 0 0 0])
  ("pow" .
         [1 0 0])
  ("DrawBG" .
            [0 0 1 0 0 0])
  ("bg" .
        [2 0])
  ("color1" .
            [1 0 0 0 0 0])
  ("color2" .
            [1 0 0 0 0 0])
  ("screen" .
            [10 0 0 0 0 3])
  ("pygame" .
            [2 0 0 0 0 0])
  ("sides" .
           [4 0 1 0 1])
  ("WIN_WIDTH" .
               [0 0 0 0 0 1 0 0 0])
  ("randint" .
             [0 0 0 0 0 1 0])
  ("pymacs" .
            [1 0 0 0 0 0])
  ("require" .
             [3 0 0 0 0 1 1])
  ("tab" .
         [4 0 0])
  ("complete" .
              [0 0 0 0 0 1 0 1])
  ("py-shell-name" .
                   [1 0 0 0 1 0 0 0 0 0 0 0 0])
  ("ipython" .
             [2 0 1 0 0 0 0])
  ("WIN_HEIGHT" .
                [0 0 1 0 0 1 1 0 0 0])
  ("init" .
          [2 0 0 0])
  ("upd" .
         [2 0 0])
  ("name" .
          [13 0 0 1])
  ("height" .
            [2 0 3 3 0 8])
  ("width" .
           [4 0 3 2 4])
  ("Color" .
           [1 0 0 0 0])
  ("mul" .
         [1 0 0])
  ("Matrix" .
            [0 0 0 2 0 2])
  ("preexec" .
             [1 0 0 0 0 0 0])
  ("nums" .
          [9 0 0 0])
  ("strings" .
             [3 0 0 0 0 0 0])
  ("mute_sound_level" .
                      [0 0 1 0 0 0 0 0 0 0 0 0 0 0 0 0])
  ("sleep" .
           [4 0 0 0 1])
  ("print" .
           [49 3 3 2 5])
  ("get" .
         [6 0 0])
  ("sleep_interval" .
                    [0 0 0 0 1 0 0 0 0 0 0 0 0 1])
  ("getSoundLevel" .
                   [0 0 0 1 0 1 0 0 0 0 0 0 0])
  ("return" .
            [2 0 3 8 1 33])
  ("else" .
          [8 0 0 0])
  ("is_mute" .
             [4 0 0 0 0 0 4])
  ("current_sound_level" .
                         [1 0 0 0 0 0 0 0 0 0 0 0 0 0 0 0 0 0 4])
  ("old_sound_level" .
                     [0 0 0 0 0 0 0 0 0 0 0 0 0 0 1])
  ("max_sound_level" .
                     [0 0 0 0 1 0 0 0 0 0 0 0 0 0 0])
  ("max" .
         [1 0 0])
  ("new_peak" .
              [0 0 0 0 0 0 0 1])
  ("if" .
        [29 1])
  ("my" .
        [4 0])
  ("peak" .
          [2 0 0 0])
  ("showVertices" .
                  [0 0 0 0 0 0 0 0 0 0 0 1])
  ("show" .
          [8 0 0 0])
  ("drawVertex" .
                [0 0 0 0 0 0 0 0 0 1])
  ("drawSphere" .
                [0 0 0 0 0 0 1 0 0 0])
  ("endl" .
          [40 0 0 0])
  ("cout" .
          [54 0 0 1])
  ("point" .
           [2 0 0 0 0])
  ("p" .
       [19])
  ("vit" .
         [5 0 0])
  ("draw" .
          [4 0 0 0])
  ("Point" .
           [2 0 0 0 0])
  ("nil" .
         [11 0 0])
  ("request" .
             [1 0 0 2 0 0 1])
  ("myLightPosition" .
                     [0 0 0 0 0 0 0 0 0 0 0 0 0 0 1])
  ("arr" .
         [12 0 0])
  ("rand_num" .
              [6 0 0 0 0 0 0 1])
  ("a" .
       [22])
  ("NUMBERS" .
             [4 2 0 0 0 0 0])
  ("RAND_NUMS" .
               [0 0 0 0 1 0 0 0 0])
  ("main" .
          [6 0 0 0])
  ("cont" .
          [1 0 0 0])
  ("prime" .
           [2 0 0 0 0])
  ("num" .
         [49 0 0])
  ("rang" .
          [1 0 0 0])
  ("object" .
            [0 0 0 2 1 2])
  ("__init__" .
              [0 0 0 2 1 0 0 0])
  ("self" .
          [146 0 0 1])
  ("matrix" .
            [0 0 1 0 0 0])
  ("mx" .
        [10 0])
  ("append" .
            [15 1 12 12 6 1])
  ("cols" .
          [18 0 0 0])
  ("rows" .
          [16 0 0 0])
  ("setq" .
          [14 0 0 0])
  ("py-default-interpreter" .
                            [0 0 0 0 0 0 1 0 0 0 0 0 0 0 0 0 0 0 0 0 0 0])
  ("send" .
          [2 0 0 0])
  ("from" .
          [5 0 0 1])
  ("count" .
           [7 0 1 0 1])
  ("size" .
          [23 0 0 0])
  ("atoi" .
          [1 0 0 0])
  ("sizeof" .
            [0 0 0 0 1 2])
  ("str" .
         [7 0 0])
  ("как" .
         [3 0 0])
  ("которые" .
             [1 0 0 0 0 0 0])
  ("истории" .
             [2 0 0 0 0 0 0])
  ("история" .
             [1 0 0 0 0 0 0])
  ("историю" .
             [1 0 0 0 0 0 0])
  ("разных" .
            [3 0 0 0 0 0])
  ("событий" .
             [1 0 0 0 0 0 0])
  ("событиям" .
              [1 0 0 0 0 0 0 0])
  ("рассматривать" .
                   [1 0 0 0 0 0 0 0 0 0 0 0 0])
  ("что" .
         [1 0 0])
  ("представление" .
                   [1 0 0 0 0 0 0 0 0 0 0 0 0])
  ("include" .
             [1 0 0 0 0 0 4])
  ("strlen" .
            [5 0 0 0 0 1])
  ("urllib" .
            [1 0 0 0 2 0])
  ("read" .
          [7 0 0 0])
  ("page" .
          [5 0 0 0])
  ("file_id" .
             [5 0 0 0 0 0 0])
  ("extension" .
               [3 0 0 0 0 0 0 0 3])
  ("site" .
          [1 0 0 0])
  ("file_info" .
               [2 0 0 0 0 0 0 0 0])
  ("load_parse" .
                [0 0 0 0 0 1 0 0 0 0])
  ("page_url" .
              [1 0 0 0 0 2 0 0])
  ("search" .
            [2 0 1 0 0 1])
  ("group" .
           [2 1 0 1 0])
  ("index" .
           [24 0 0 2 1])
  ("binary_search" .
                   [0 0 0 0 0 0 1 0 0 0 0 0 0])
  ("sys" .
         [5 0 0])
  ("album" .
           [65 1 4 4 6])
  ("search_str" .
                [0 0 0 0 2 0 0 0 0 1])
  ("image_extension" .
                     [0 0 0 0 0 0 1 1 0 0 0 0 0 0 0])
  ("fo" .
        [6 0])
  ("fileType" .
              [0 0 0 0 0 1 0 0])
  ("ftype" .
           [0 0 0 0 1])
  ("fileName" .
              [1 0 0 0 0 0 0 1])
  ("decode" .
            [1 0 0 0 0 0])
  ("Image" .
           [3 0 0 0 0])
  ("img" .
         [9 0 0])
  ("path" .
          [46 3 3 1])
  ("join" .
          [18 0 0 1])
  ("im" .
        [12 0])
  ("copy" .
          [1 0 0 1])
  ("image" .
           [5 0 0 0 0])
  ("thumbnail" .
               [0 0 0 0 0 0 0 0 1])
  ("id" .
        [5 0])
  ("t_id" .
          [0 0 0 1])
  ("sled" .
          [5 0 0 0])
  ("NULL" .
          [1 0 0 0])
  ("imgs" .
          [6 0 0 0])
  ("images" .
            [7 0 0 1 1 0])
  ("choose_cover" .
                  [0 0 0 0 1 0 0 0 0 0 0 0])
  ("display" .
             [1 0 0 0 1 0 0])
  ("curses" .
            [2 0 1 0 0 0])
  ("debug" .
           [2 0 1 0 0])
  ("time" .
          [15 0 0 0])
  ("shutil" .
            [4 0 2 1 0 0])
  ("music_dir" .
               [2 0 2 3 5 0 0 1 3])
  ("filenames" .
               [1 0 0 0 0 0 0 0 0])
  ("is_cue_exists" .
                   [0 0 0 0 0 2 0 0 0 0 0 0 5])
  ("counter" .
             [10 0 0 0 0 0 1])
  ("no" .
        [14 0])
  ("split" .
           [18 0 4 1 1])
  ("endswith" .
              [0 0 0 2 2 0 0 0])
  ("is_lossless_exists" .
                        [0 0 0 0 2 0 3 0 0 0 0 0 0 0 0 0 0 2])
  ("True" .
          [2 10 11 3])
  ("cue_file_name" .
                   [0 0 0 0 0 0 1 0 0 0 0 0 1])
  ("f" .
       [16])
  ("dirpath" .
             [6 0 0 0 0 1 1])
  ("albums_found" .
                  [1 0 1 1 1 0 1 0 0 0 2 1])
  ("OrderedDict" .
                 [0 0 0 3 1 0 0 0 0 0 0])
  ("strcpy" .
            [0 0 0 0 0 3])
  ("MAXRAZMER" .
               [0 0 1 2 1 0 0 0 0])
  ("MAXDL" .
           [1 0 0 0 0])
  ("printf" .
            [2 0 0 0 0 0])
  ("c" .
       [18])
  ("upper" .
           [10 2 0 0 0])
  ("cd_counter" .
                [0 0 0 0 0 0 0 0 0 1])
  ("temp_path" .
               [4 0 1 1 0 0 0 0 4])
  ("albums" .
            [29 0 3 2 0 3])
  ("cd" .
        [28 0])
  ("про" .
         [2 0 0])
  ("все" .
         [2 0 0])
  ("ему" .
         [1 0 0])
  ("нужно" .
           [1 0 0 0 0])
  ("генерируется" .
                  [2 0 0 0 0 0 0 0 0 0 0 0])
  ("процедурно" .
                [1 0 0 0 0 0 0 0 0 0])
  ("тоже" .
          [1 0 0 0])
  ("log" .
         [7 0 0])
  ("chr" .
         [0 0 1])
  ("rem_disk_keywords" .
                       [0 0 0 0 0 0 0 0 0 0 0 0 0 0 0 0 1])
  ("keywords" .
              [1 0 1 2 1 0 0 1])
  ("check_single_image" .
                        [0 0 0 0 0 0 0 0 0 0 0 0 0 0 0 0 0 1])
  ("album_info" .
                [2 0 0 0 0 0 0 0 1 1])
  ("check_single_image_cue" .
                            [0 0 0 1 0 0 0 0 0 0 0 0 0 0 0 0 0 0 0 0 0 0])
  ("check_cue_for_same_album_cds" .
                                  [0 0 0 2 0 0 0 0 0 0 0 0 0 0 0 0 0 0 0 0 0 0 0 0 0 0 0 0])
  ("alp" .
         [1 0 0])
  ("old_cue_file" .
                  [0 0 0 0 0 0 0 0 0 1 0 0])
  ("system" .
            [1 0 0 1 0 0])
  ("remove" .
            [2 0 0 2 1 1])
  ("ncf" .
         [1 0 0])
  ("message" .
             [5 0 0 1 0 0 2])
  ("C-c" .
         [2 0 0])
  ("i" .
       [159])
  ("answer" .
            [5 0 0 0 0 1])
  ("dic" .
         [10 0 0])
  ("genre_dict" .
                [1 1 1 1 0 0 1 0 0 4])
  ("k" .
       [53])
  ("genre" .
           [2 0 0 1 2])
  ("d" .
       [18])
  ("l" .
       [6])
  ("sort" .
          [2 0 1 0])
  ("values" .
            [0 0 1 0 0 0])
  ("json" .
          [6 0 0 0])
  ("load" .
          [2 0 0 0])
  ("add_genre_to_dict" .
                       [0 0 0 1 0 0 0 0 0 0 0 0 0 0 0 0 0])
  ("di" .
        [3 0])
  ("print_genre_dict" .
                      [0 0 0 0 0 0 1 0 0 0 0 0 0 0 0 0])
  ("load_dict" .
               [0 0 0 1 0 0 0 0 0])
  ("dump_dict" .
               [0 0 0 1 0 0 0 0 0])
  ("full_url" .
              [0 0 3 0 0 0 0 1])
  ("band" .
          [5 0 0 0])
  ("album_year" .
                [3 0 0 0 0 0 0 0 0 0])
  ("import" .
            [11 0 0 1 0 7])
  ("album_str" .
               [1 0 0 1 0 0 0 1 1])
  ("Can" .
         [1 0 0])
  ("get_text" .
              [0 0 0 0 0 1 0 1])
  ("r" .
       [65])
  ("x" .
       [25])
  ("wiki" .
          [14 0 0 0])
  ("wiki_find_albums" .
                      [0 0 0 0 0 0 1 0 0 0 0 0 0 0 0 0])
  ("wiki_albums" .
                 [1 0 0 0 0 0 0 0 0 0 0])
  ("modifs" .
            [0 0 0 1 0 0])
  ("band_str" .
              [1 0 0 1 0 0 0 0])
  ("alb" .
         [5 0 0])
  ("wiki_parse_album" .
                      [0 0 0 0 0 0 1 0 0 0 0 0 0 0 0 0])
  ("u" .
       [3])
  ("False" .
           [0 4 3 3 3])
  ("sa" .
        [1 0])
  ("None" .
          [3 0 1 1])
  ("discs" .
           [1 0 0 0 0])
  ("cddb" .
          [1 0 0 0])
  ("getDiscInfo" .
                 [0 0 0 0 1 0 0 0 0 0 0])
  ("multiple" .
              [0 0 0 1 0 0 0 0])
  ("im_db" .
           [1 0 0 0 0])
  ("strip" .
           [8 0 3 0 0])
  ("al" .
        [7 0])
  ("ol" .
        [2 0])
  ("getSonarReading" .
                     [0 0 0 0 0 0 0 0 0 1 0 0 0 0 0])
  ("getSensorInfo" .
                   [0 0 0 0 0 0 0 0 0 0 1 0 0])
  ("getRange" .
              [0 0 0 0 0 0 1 0])
  ("numSonar" .
              [0 0 0 0 0 1 0 0])
  ("Son" .
         [0 0 1])
  ("sonar_range_to_wall" .
                         [0 0 0 0 0 0 0 0 0 0 0 0 0 0 0 0 0 0 1])
  ("Right" .
           [0 0 1 0 0])
  ("disk_usage" .
                [0 0 0 0 0 0 0 0 0 1])
  ("disk_" .
           [0 0 0 0 1])
  ("disk_size" .
               [1 0 0 0 0 0 0 0 0])
  ("free_memory" .
                 [1 0 0 0 0 0 0 0 0 0 2])
  ("exists" .
            [0 2 0 1 0 0])
  ("ap" .
        [4 0])
  ("total_size" .
                [0 0 0 2 0 0 0 0 0 0])
  ("get_folder_size" .
                     [0 0 0 0 0 0 1 0 0 0 0 0 0 0 0])
  ("break" .
           [2 0 0 0 1])
  ("albums_total_size" .
                       [0 0 0 0 0 0 0 0 0 0 0 0 0 0 0 0 1])
  ("full" .
          [3 0 0 0])
  ("album_list" .
                [0 0 0 0 0 0 0 0 0 1])
  ("another_list" .
                  [0 0 0 1 0 0 0 0 0 0 0 0])
  ("track_num" .
               [1 0 0 0 0 0 0 0 0])
  ("angle" .
           [0 0 0 0 1])
  ("myStr" .
           [1 0 0 0 0])
  ("concat" .
            [3 0 0 0 0 1])
  ("flymake-pylint-init" .
                         [0 0 0 0 0 0 0 0 0 0 0 0 1 0 0 0 0 0 0])
  ("interactive" .
                 [0 0 0 0 0 0 2 0 0 0 1])
  ("defalias" .
              [0 0 0 0 0 0 0 1])
  ("smex" .
          [1 0 0 0])
  ("dired+" .
            [1 0 0 0 0 1])
  ("expand" .
            [2 0 0 0 0 0])
  ("between" .
             [1 0 0 0 0 0 0])
  ("parts" .
           [1 0 0 0 0])
  ("of" .
        [2 0])
  ("sel" .
         [1 0 0])
  ("region" .
            [1 0 0 0 0 0])
  ("in" .
        [95 0])
  ("cin" .
         [3 0 0])
  ("NMAX" .
          [16 0 1 1])
  ("vvodg" .
           [2 0 0 0 1])
  ("Vvedite" .
             [0 0 0 0 0 0 1])
  ("vivod_m_sm" .
                [0 0 1 0 0 0 0 0 1 0])
  ("INF" .
         [4 0 0])
  ("find_max_path" .
                   [0 0 0 0 1 0 0 0 0 0 0 0 1])
  ("stack" .
           [4 0 1 6 1])
  ("top" .
         [16 0 0])
  ("st" .
        [26 0])
  ("max_len" .
             [2 0 2 0 0 0 3])
  ("GR" .
        [3 0])
  ("GR_N" .
          [2 0 0 0])
  ("=" .
       [61])
  ("load_music_cache" .
                      [0 0 0 0 1 0 0 0 0 0 0 0 0 0 0 0])
  ("/home/max/" .
                [0 0 1 0 1 2 0 0 0 0])
  ("/src/cpp/" .
               [0 0 0 0 0 0 0 0 1])
  ("~/src/python/music_tools/random_play/music_cache" .
                                                      [0 0 0 0 0 0 0 0 0 0 0 0 0 0 0 0 0 0 0 0 0 0 0 0 0 0 0 0 0 0 0 0 0 0 0 0 0 0 0 0 0 0 0 0 0 0 0 1])
  ("music_cache_file" .
                      [0 0 0 0 0 0 0 1 0 0 0 0 0 0 0 0])
  ("os.path" .
             [1 0 0 1 1 0 0])
  ("os.path.exists" .
                    [0 0 0 0 0 0 0 0 0 0 1 0 0 0])
  ("cache" .
           [1 0 0 0 0])
  ("list" .
          [6 0 0 0])
  ("os.listdir" .
                [0 0 0 0 0 1 0 0 0 0])
  ("for" .
         [29 1 0])
  ("glist" .
           [1 0 0 0 0])
  ("while" .
           [3 0 0 0 0])
  ("not" .
         [18 0 0])
  ("flac" .
          [4 0 0 0])
  ("or" .
        [2 0])
  ("mp3" .
         [3 0 0])
  ("flist" .
           [9 0 0 0 0])
  ("random" .
            [5 0 0 0 0 1])
  ("range" .
           [14 0 1 1 1])
  ("len" .
         [11 0 1])
  ("+" .
       [18])
  ("-1" .
        [10 0])
  ("Music" .
           [1 0 0 0 0])
  ("-" .
       [7])
  ("+=" .
        [5 0])
  ("de" .
        [4 0])
  ("find" .
          [4 0 0 0])
  ("Not" .
         [1 0 0])
  ("start" .
           [9 0 0 0 0])
  ("find_rand_music_file" .
                          [0 0 0 0 1 0 0 0 0 0 0 0 0 0 0 0 0 0 0 0])
  ("isdir" .
           [1 0 0 0 1])
  ("random.randint" .
                    [1 0 0 0 0 0 0 0 0 0 0 0 0 0])
  ("stop" .
          [1 0 0 0])
  ("tabs" .
          [1 0 0 0])
  ("space" .
           [1 0 0 0 0])
  ("spaces" .
            [1 0 0 0 0 0])
  ("setq-default" .
                  [0 0 0 0 0 0 1 0 0 0 0 1])
  ("proverka" .
              [0 0 0 0 0 0 0 1])
  ("poiskciclov" .
                 [0 0 0 0 0 0 0 0 0 0 1])
  ("delete" .
            [0 0 0 0 0 2])
  ("delete_vertex" .
                   [0 0 0 0 0 0 0 0 0 0 0 0 1])
  ("v" .
       [32])
  ("erase" .
           [2 0 0 0 0])
  ("temp" .
          [1 0 0 0])
  ("completion" .
                [1 0 0 0 0 0 0 0 0 0])
  ("look" .
          [1 0 0 0])
  ("error" .
           [11 0 0 0 4])
  ("symbol" .
            [3 0 0 1 0 1])
  ("fringe" .
            [3 0 0 0 0 0])
  ("with" .
          [4 0 0 0])
  ("warnings" .
              [1 0 0 0 0 0 0 0])
  ("and" .
         [7 0 0])
  ("errors" .
            [1 0 0 0 0 0])
  ("activate" .
              [1 0 0 0 0 0 0 0])
  ("syntax" .
            [1 0 0 0 0 0])
  ("%run" .
          [2 0 0 0])
  ("~/src/python/music_tools/" .
                               [0 0 0 0 0 0 0 0 0 0 0 0 0 0 0 0 0 1 0 0 0 0 0 0 0])
  ("~/src/python/music_tools/random_play.py" .
                                             [0 0 0 0 0 0 0 0 0 0 0 0 0 0 0 0 0 0 0 0 0 0 0 0 0 0 0 0 0 0 1 0 0 0 0 0 0 0 0])
  ("mod" .
         [1 0 0])
  ("ismount" .
             [0 0 0 1 0 0 0])
  ("/data/elements" .
                    [0 0 0 0 0 0 0 0 0 1 0 0 0 1])
  ("soft" .
          [1 0 0 0])
  ("when" .
          [2 0 0 0])
  ("to" .
        [23 0])
  ("Discography" .
                 [0 0 0 0 0 0 0 0 0 0 1])
  ("part" .
          [1 0 0 0])
  ("game_live.py" .
                  [0 0 0 0 1 0 0 0 0 0 0 0])
  ("living_cell_symbol" .
                        [0 0 0 0 0 0 0 0 0 0 0 0 0 0 0 0 0 1])
  ("/home/max/src/python/automato/pda.py" .
                                          [0 0 0 0 0 0 0 0 0 0 0 0 0 0 0 0 0 0 0 0 0 0 0 0 0 0 0 0 0 0 0 0 1 0 0 0])
  ("replacements" .
                  [2 0 0 1 0 0 0 0 0 2 0 3])
  ("char" .
          [2 0 0 0])
  ("float" .
           [0 0 0 1 0])
  ("MOD_SHORT" .
               [0 1 0 0 0 0 0 0 0])
  ("MOD_LONG" .
              [0 1 0 0 0 0 0 0])
  ("DT_INT" .
            [0 1 0 0 0 0])
  ("DT_DOUBLE" .
               [0 1 0 0 0 0 0 0 0])
  ("data_types" .
                [0 0 3 1 0 0 0 0 0 0])
  ("dt_other" .
              [0 0 0 2 1 0 0 0])
  ("EMPTY" .
           [0 7 3 3 5])
  ("ERROR" .
           [1 2 0 1 1])
  ("is" .
        [3 0])
  ("LEFT_BRACKET" .
                  [0 0 3 1 0 0 0 0 0 0 0 1])
  ("ERR" .
         [16 0 0])
  ("HALT" .
          [7 1 0 1])
  ("function" .
              [0 3 3 1 0 0 0 1])
  ("Error" .
           [1 0 0 0 0])
  ("push_back" .
               [0 0 1 1 0 0 0 0 0])
  ("buf" .
         [15 0 0])
  ("ids" .
         [2 0 0])
  ("pop" .
         [3 0 4])
  ("LETTERS" .
             [0 0 0 0 0 0 1])
  ("SPACE" .
           [2 0 0 0 0])
  ("RIGHT_BRACKET" .
                   [1 0 0 0 0 0 0 0 0 0 0 0 1])
  ("COMMA" .
           [1 0 0 0 0])
  ("SEMICOLON" .
               [0 0 0 0 0 0 0 0 1])
  ("DT_OTHER" .
              [1 0 1 0 0 0 0 0])
  ("col" .
         [19 0 0])
  ("Enter" .
           [1 0 0 0 0])
  ("automato" .
              [0 0 1 0 0 0 0 0])
  ("Q" .
       [2])
  ("q.append" .
              [0 0 0 0 1 0 0 0])
  ("q.pop" .
           [0 0 0 1 0])
  ("find_column" .
                 [0 0 0 0 1 0 0 0 0 0 0])
  ("reversed_replacements" .
                           [0 0 1 1 1 0 0 0 0 0 0 0 0 0 0 0 0 0 0 0 0])
  ("repl" .
          [1 0 0 0])
  ("replace_k_and_s" .
                     [0 0 0 0 0 0 0 0 0 0 0 1 0 0 0])
  ("is_no_errors" .
                  [0 0 0 0 1 0 0 0 0 0 0 1])
  ("ret_val" .
             [8 1 1 0 1 4 5])
  ("reversed" .
              [3 0 0 1 1 1 0 1])
  ("error_pos" .
               [1 0 0 0 0 1 1 1 2])
  ("t" .
       [7])
  ("dt" .
        [1 0])
  ("error_pos_kwd" .
                   [5 0 0 0 0 0 0 0 0 0 1 1 1])
  ("error_pos_id" .
                  [2 0 2 7 0 0 0 0 1 0 0 0])
  ("error_pos_" .
                [0 0 0 0 0 0 0 0 0 1])
  ("error_" .
            [1 0 0 0 0 0])
  ("replace_back" .
                  [0 0 0 0 1 0 0 0 0 0 0 0])
  ("rules" .
           [30 0 3 1 3])
  ("q.keys" .
            [0 0 0 0 1 0])
  ("q.items" .
             [1 0 0 0 0 0 0])
  ("rule" .
          [5 0 0 1])
  ("m_right" .
             [1 1 0 1 1 0 1])
  ("m_left" .
            [2 0 0 0 0 3])
  ("s_num" .
           [2 0 0 0 0])
  ("table" .
           [15 0 0 2 1])
  ("Term" .
          [1 1 0 1])
  ("terminals" .
               [2 1 0 7 4 0 0 0 2])
  ("find_terminals" .
                    [0 0 0 0 0 0 1 0 0 0 0 0 0 1])
  ("start_key" .
               [0 0 0 0 2 1 0 0 0])
  ("==" .
        [10 0])
  ("extend" .
            [0 0 2 0 0 0])
  ("F_OR_NS" .
             [0 0 1 0 0 0 0])
  ("NUMBERS2" .
              [1 0 0 0 0 0 0 0])
  ("F_TYPE" .
            [1 0 0 0 0 0])
  ("ID" .
        [1 0])
  ("FUNC" .
          [1 0 0 0])
  ("F_VARS" .
            [1 0 0 0 0 0])
  ("rulss" .
           [1 0 0 0 0])
  ("token" .
           [2 0 0 0 0])
  ("rulesc" .
            [1 0 0 0 0 0])
  ("namespace" .
               [2 0 0 0 0 0 0 0 0])
  ("EPSILON" .
             [0 0 0 0 0 0 1])
  ("follow_set2" .
                 [1 0 0 0 0 0 0 0 0 0 0])
  ("nullable" .
              [0 0 0 0 1 0 0 3])
  ("T2" .
        [1 0])
  ("iostream" .
              [0 0 0 0 0 0 0 2])
  ("std" .
         [12 0 0])
  ("print_mij" .
               [0 0 0 0 0 0 0 0 1])
  ("student_knows" .
                   [0 0 0 0 1 0 1 0 1 0 0 0 0])
  ("rand" .
          [2 0 0 0])
  ("knows" .
           [4 0 0 0 0])
  ("Student" .
             [1 0 0 0 0 0 2])
  ("don" .
         [1 0 0])
  ("know" .
          [2 0 0 0])
  ("was" .
         [3 0 0])
  ("sqrt" .
          [1 0 0 0])
  ("систему" .
             [1 0 0 0 0 0 0])
  ("тестирования" .
                  [2 0 0 0 0 0 0 0 0 0 0 0])
  ("После" .
           [2 0 0 0 0])
  ("чего" .
          [1 0 0 0])
  ("может" .
           [2 0 0 0 0])
  ("результаты" .
                [1 0 0 0 0 0 0 0 0 1])
  ("по" .
        [2 0])
  ("тестировани" .
                 [0 0 0 0 0 0 0 0 0 0 1])
  ("визуализация" .
                  [0 0 0 0 0 0 0 0 0 0 0 1])
  ("/home/max/.emacs.d/elpa/org-20140414/" .
                                           [0 0 0 0 0 0 0 0 0 0 0 0 0 0 0 0 0 0 0 0 0 0 0 0 0 0 0 0 0 1 0 0 0 0 0 0 0])
  ("/home/max/.emacs.d/elpa/org-plus-contrib-20140414/" .
                                                        [0 0 0 0 0 0 0 0 0 0 0 0 0 0 0 0 0 0 0 0 0 0 0 0 0 0 0 0 1 0 0 0 0 0 0 0 0 0 0 0 0 0 0 0 0 0 0 0 0 0])
  ("~/.emacs.d/foo.org" .
                        [0 0 0 0 0 0 0 0 0 0 0 0 0 0 1 0 0 0])
  ("/home/max/.emacs.d/site-lisp/emacs-ipython-notebook/" .
                                                          [0 0 0 0 0 0 0 0 0 0 0 0 0 0 0 0 0 0 0 0 0 0 0 0 0 0 0 0 0 0 1 0 0 0 0 0 0 0 0 0 0 0 0 0 0 0 0 0 0 0 0 0])
  ("temporarily" .
                 [0 0 0 0 0 0 1 0 0 0 0])
  ("ein" .
         [1 0 0])
  ("set-buffer" .
                [0 0 0 0 0 1 0 0 0 0])
  ("save-some-buffers" .
                       [0 0 0 0 0 0 0 0 0 0 0 0 0 0 0 0 1])
  ("qt_music_tools.py" .
                       [0 0 1 0 0 0 0 0 0 0 0 0 0 0 0 0 0])
  ("layout" .
            [0 0 0 1 0 0])
  ("iswitchb-mode" .
                   [0 0 0 1 0 0 0 0 0 0 0 0 0])
  ("combo" .
           [1 0 0 0 0])
  ("is_checkable" .
                  [0 0 0 0 0 0 0 0 0 0 0 2])
  ("checkState" .
                [0 0 0 2 0 0 0 1 0 2])
  ("Check" .
           [2 0 0 0 0])
  ("setCheckState" .
                   [0 0 0 0 1 0 1 0 0 0 0 0 0])
  ("Checked" .
             [1 0 1 2 0 0 0])
  ("uncheckAll" .
                [0 1 0 0 0 0 0 0 0 1])
  ("pushButton_5" .
                  [1 0 0 0 0 0 0 0 0 0 0 0])
  ("item" .
          [30 0 0 0])
  ("checkAll" .
              [1 1 0 0 0 0 0 0])
  ("childCount" .
                [0 0 0 2 1 0 1 0 0 0])
  ("child" .
           [11 0 0 0 1])
  ("select" .
            [2 0 0 0 0 1])
  ("selected_albums_tree" .
                          [2 0 1 0 1 0 0 0 0 1 0 0 0 0 0 0 0 0 0 4])
  ("SelectedAlbumsTree" .
                        [0 0 1 0 1 0 0 0 0 0 0 0 0 0 0 0 0 0])
  ("loadCheckedAlbums" .
                       [0 0 0 0 0 1 0 0 0 0 0 0 0 0 0 0 0])
  ("text" .
          [4 0 1 0])
  ("treeWidget_2" .
                  [1 0 0 0 0 0 0 0 0 0 0 0])
  ("addChecked" .
                [0 0 0 2 0 0 1 0 0 0])
  ("pushButton_3" .
                  [1 0 0 0 0 0 0 0 0 0 0 0])
  ("selected" .
              [2 0 0 0 0 0 0 0])
  ("addCh" .
           [0 0 0 0 1])
  ("elpy-mode" .
               [2 0 0 0 0 0 0 0 0])
  ("columns" .
             [3 0 0 0 0 0 0])
  ("check_state" .
                 [2 0 0 1 1 0 0 0 0 1 0])
  ("tooltip" .
             [1 0 0 0 0 0 0])
  ("tool_tip" .
              [0 0 0 0 0 1 1 1])
  ("tool_tip_col" .
                  [3 0 0 1 1 0 0 0 0 1 0 0])
  ("tool" .
          [1 0 0 0])
  ("column" .
            [0 0 0 1 0 1])
  ("setData" .
             [1 0 0 0 0 0 0])
  ("columnCount" .
                 [0 0 0 0 0 0 1 0 0 0 0])
  ("there" .
           [1 0 0 0 0])
  ("now" .
         [1 0 0])
  ("child_item" .
                [2 0 0 0 1 0 0 1 0 0])
  ("root" .
          [5 0 0 0])
  ("clear" .
           [4 0 0 0 1])
  ("one-window-p" .
                  [0 0 0 1 0 0 0 0 0 0 0 0])
  ("count-windows" .
                   [0 0 0 0 0 0 0 0 2 0 0 0 0])
  ("other" .
           [0 0 0 1 0])
  ("other-window" .
                  [0 0 0 0 0 0 0 0 0 0 0 1])
  ("cp1251" .
            [0 0 0 0 1 0])
  ("unicode" .
             [1 0 0 0 0 0 0])
  ("docopt" .
            [1 0 0 0 0 1])
  ("import " .
             [0 0 0 0 0 0 1])
  ("old" .
         [3 0 0])
  ("next" .
          [1 0 0 0])
  ("current" .
             [2 0 0 0 0 0 1])
  ("Cyrillic" .
              [0 0 0 0 0 0 0 1])
  ("utf-8" .
           [3 0 1 0 0])
  ("loadData" .
              [0 0 0 0 1 0 0 0])
  ("it" .
        [3 0])
  ("albums_info" .
                 [1 1 1 2 0 0 0 0 0 0 0])
  ("parse_cue" .
               [0 0 0 1 0 0 0 0 0])
  ("core" .
          [3 0 0 0])
  ("lineEdit_4" .
                [0 0 1 1 0 0 0 0 0 0])
  ("setText" .
             [2 0 0 0 0 1 1])
  ("PERFORMER" .
               [0 0 1 3 1 0 0 0 1])
  ("TITLE" .
           [3 0 2 1 0])
  ("lineEdit_5" .
                [7 0 0 0 0 0 0 0 0 0])
  ("DATE" .
          [3 0 0 0])
  ("spinBox" .
             [1 0 0 0 0 0 0])
  ("setValue" .
              [1 0 0 0 0 1 0 0])
  ("GENRE" .
           [2 0 0 0 0])
  ("comboBox_4" .
                [0 0 1 1 0 0 0 0 0 0])
  ("lineEdit" .
              [0 0 1 1 0 0 0 0])
  ("lineEdit_2" .
                [1 0 0 0 0 0 0 0 0 0])
  ("I" .
       [1])
  ("insertItem" .
                [0 0 0 0 1 0 0 0 0 0])
  ("checkBox" .
              [0 0 1 0 0 0 0 0])
  ("checked" .
             [1 0 0 0 0 0 0])
  ("checkBox_2" .
                [2 0 1 0 0 0 0 0 0 0])
  ("setProperName" .
                   [0 0 0 0 0 0 0 0 0 0 0 0 1])
  ("obj" .
         [15 0 0])
  ("setStatusTip" .
                  [0 0 0 0 0 0 0 0 1 0 0 0])
  ("Unchecked" .
               [0 0 1 2 0 0 0 0 0])
  ("stateChanged" .
                  [0 0 0 0 0 0 1 1 0 0 0 0])
  ("state" .
           [2 0 0 0 0])
  ("home" .
          [1 0 0 0])
  ("setColor" .
              [1 0 0 0 0 0 0 0])
  ("red" .
         [1 0 0])
  ("blue" .
          [1 0 0 0])
  ("java" .
          [6 0 0 0])
  ("io" .
        [5 0])
  ("System" .
            [2 0 0 0 0 0])
  ("out" .
         [3 0 0])
  ("String" .
            [2 0 0 0 0 0])
  ("println" .
             [1 0 0 0 0 0 0])
  ("cstrings" .
              [0 0 0 0 0 0 0 1])
  ("stdio" .
           [1 0 0 0 0])
  ("wchar" .
           [1 0 0 0 0])
  ("permute" .
             [0 0 0 1 0 0 0])
  ("save" .
          [1 0 0 0])
  ("create_empty_copy" .
                       [0 0 0 1 0 0 0 0 0 0 0 0 0 0 0 0 0])
  ("get_result" .
                [0 0 0 1 0 0 0 0 0 0])
  ("db_str" .
            [2 0 0 0 0 2])
  ("insert_to_db" .
                  [0 0 0 0 0 0 0 0 0 0 0 1])
  ("*" .
       [3])
  ("page_id" .
             [2 0 0 0 0 0 1])
  ("comments" .
              [4 0 0 0 0 0 0 0])
  ("commands" .
              [2 0 0 0 0 0 0 0])
  ("command" .
             [2 0 0 0 0 0 0])
  ("fetch_to_bsoup" .
                    [0 0 2 1 0 0 0 0 0 0 0 0 0 0])
  ("tags" .
          [1 0 0 0])
  ("commands_atributes" .
                        [0 0 0 0 0 2 0 0 0 0 0 0 0 0 0 0 0 0])
  ("total" .
           [1 0 0 0 0])
  ("start_id" .
              [1 0 0 0 0 0 0 0])
  ("ma" .
        [1 0])
  ("max_id" .
            [1 0 0 0 0 0])
  ("insert_to_sqlite" .
                      [0 0 0 0 0 0 0 0 0 0 0 1 0 0 0 0])
  ("get_imgs_info" .
                   [0 0 0 1 0 0 0 0 0 0 0 0 0])
  ("results" .
             [1 0 0 0 0 0 0])
  ("response" .
              [0 0 0 3 0 0 0 0])
  ("response.text" .
                   [1 0 0 0 0 0 0 0 0 0 1 1 0])
  ("simplejson" .
                [1 0 0 0 2 1 1 0 0 0])
  ("simplejson.load" .
                     [0 0 0 0 0 0 0 0 0 0 0 0 0 0 1])
  ("simplejson.loads" .
                      [1 0 0 0 0 0 0 0 0 0 0 0 0 0 0 1])
  ("loads" .
           [1 0 0 0 0])
  ("searchWords" .
                 [0 0 0 0 1 0 0 0 0 0 1])
  ("search_request" .
                    [0 0 0 0 0 0 0 0 0 1 1 0 0 0])
  ("words" .
           [1 0 0 1 1])
  ("download_covers" .
                     [0 0 0 0 0 0 0 0 0 0 0 0 0 0 1])
  ("time.time" .
               [0 0 0 0 0 0 0 0 1])
  ("os.popen" .
              [0 0 0 0 0 1 0 0])
  ("/data/sandbox/tt/" .
                       [1 0 0 0 0 0 0 0 0 0 0 0 0 0 0 0 1])
  ("ds" .
        [1 0])
  ("wget" .
          [3 0 0 0])
  ("subprocess" .
                [0 0 0 1 2 0 0 0 0 0])
  ("call" .
          [3 0 0 0])
  ("fullfilename" .
                  [0 0 0 0 2 0 0 0 0 0 0 0])
  ("stdout" .
            [1 0 0 0 0 2])
  ("4." .
        [1 0])
  ("5." .
        [1 0])
  ("user" .
          [1 0 0 0])
  ("agent" .
           [1 0 0 0 0])
  ("user_agent" .
                [1 0 0 0 0 0 0 0 0 0])
  ("responseDetails" .
                     [1 0 0 0 0 0 0 0 0 0 0 0 0 0 0])
  ("queue" .
           [5 0 0 3 1])
  ("Queue" .
           [1 0 0 1 1])
  ("put" .
         [2 0 0])
  ("utf" .
         [1 0 0])
  ("ret" .
         [4 0 0])
  ("ch_n" .
          [3 0 0 0])
  ("WGET" .
          [1 0 0 0])
  ("configur" .
              [0 0 0 0 0 0 1 0])
  ("configure-ein" .
                   [2 0 0 0 0 0 0 0 0 0 0 0 0])
  ("installEventFilter" .
                        [0 0 0 0 0 0 0 0 0 0 0 0 0 0 0 0 0 2])
  ("completer" .
               [4 0 0 0 0 0 0 0 0])
  ("popup" .
           [3 0 0 0 0])
  ("complex" .
             [0 0 0 0 0 0 1])
  ("completerEventFileter" .
                           [0 0 0 0 0 0 0 0 0 0 0 1 0 0 0 0 0 0 0 0 0])
  ("eventFilter" .
                 [1 0 0 0 0 0 0 0 0 0 0])
  ("completerEventFilter" .
                          [0 0 0 0 0 0 0 0 1 0 0 0 0 0 0 0 0 0 0 1])
  ("cef" .
         [1 0 0])
  ("QListView" .
               [0 0 0 0 0 0 0 0 1])
  ("QtGui" .
           [1 0 0 0 0])
  ("editing_elements" .
                      [0 0 0 0 1 0 0 0 0 0 0 0 0 0 0 0])
  ("setCurrentIndex" .
                     [0 0 0 0 0 0 0 0 0 0 0 0 0 0 1])
  ("eshell" .
            [1 0 0 1 0 1])
  ("eshell-send-in" .
                    [0 0 0 0 0 0 0 0 0 0 0 0 0 1])
  ("async-shell-command" .
                         [1 0 0 0 0 0 0 0 0 0 0 0 0 0 0 0 0 0 0])
  ("C-." .
         [1 0 0])
  ("respectful" .
                [2 0 0 0 2 0 0 0 0 0])
  ("/home/max/src/python/" .
                           [0 0 0 0 0 0 0 0 0 0 0 0 0 0 0 0 0 0 0 0 1])
  ("/home/max/src/python/music_tools/" .
                                       [0 0 0 0 0 0 0 0 0 0 0 0 0 0 0 0 0 0 0 0 0 0 0 0 0 0 0 0 0 0 0 0 1])
  ("/home/max/src/python/music_tools/random_play.py" .
                                                     [0 0 0 0 0 0 0 0 0 0 0 0 0 0 0 0 0 0 0 0 0 0 0 0 0 0 0 0 0 0 0 0 0 1 0 0 0 0 0 0 0 0 0 0 0 0 0])
  ("currentTrackIdx" .
                     [0 0 0 0 0 1 0 0 0 0 0 0 0 0 0])
  ("showNormal" .
                [1 0 0 0 0 0 0 0 0 0])
  ("rainbow-delimiters" .
                        [0 0 0 0 0 0 0 1 0 0 0 0 0 0 0 0 0 0])
  ("aa" .
        [7 0])
  ("aa.items" .
              [0 0 0 0 0 0 0 1])
  ("aa.values" .
               [1 0 0 0 0 0 0 0 0])
  ("operator" .
              [2 0 0 0 0 0 0 0])
  ("keys" .
          [10 0 0 0])
  ("vars" .
          [1 0 0 0])
  ("x1" .
        [1 0])
  ("-2" .
        [3 0])
  ("del" .
         [1 0 0])
  ("var" .
         [1 0 0])
  ("var.items" .
               [1 0 0 0 0 0 0 0 0])
  ("operator.itemgetter" .
                         [1 0 0 0 0 0 0 0 0 0 0 0 0 0 0 0 0 0 0])
  ("sub" .
         [2 0 0])
  ("flacon" .
            [1 0 0 0 0 0])
  ("start_with" .
                [1 0 0 0 0 0 0 0 0 0])
  ("math" .
          [2 0 0 0])
  ("int" .
         [1 0 0])
  ("set-fontset-font" .
                      [0 0 0 0 0 0 1 0 0 0 0 0 0 0 0 1])
  ("windows-1251" .
                  [0 0 0 0 0 0 0 1 0 0 0 0])
  ("Inconsolata" .
                 [0 0 0 0 0 0 0 0 0 0 3])
  ("LGC" .
         [5 0 0])
  ("set-frame-font" .
                    [1 0 0 0 0 0 0 0 0 0 0 0 0 0])
  ("font-family-list" .
                      [0 0 0 0 0 0 0 0 0 0 1 0 0 0 0 0])
  ("set-default-font" .
                      [0 0 0 0 0 0 0 1 0 0 0 0 0 0 0 0])
  ("c-mode" .
            [2 0 0 0 0 0])
  ("c++-mode-hook" .
                   [0 0 0 0 0 0 0 0 0 0 0 1 0])
  ("setup-flymake" .
                   [0 0 0 0 0 1 0 0 1 0 0 0 0])
  ("file-relative-name" .
                        [0 0 0 0 0 0 0 0 0 1 0 0 0 0 0 0 0 0])
  ("init.el" .
             [1 0 0 0 0 0 0])
  ("eshell-send-input" .
                       [0 0 0 0 0 0 0 0 1 1 0 0 0 0 0 0 0])
  ("eshell-eval" .
                 [0 0 0 0 0 0 0 1 0 0 0])
  ("eshell-command" .
                    [0 0 0 0 0 0 0 1 0 0 0 0 0 0])
  ("pwd" .
         [2 0 0])
  ("buffer-name" .
                 [1 0 0 0 1 0 0 0 0 0 0])
  ("bufer" .
           [1 0 0 0 0])
  ("file-name-directory" .
                         [0 0 0 0 0 0 0 0 0 0 0 2 0 0 0 0 0 0 0])
  ("equal" .
           [0 0 1 0 0])
  ("eshell-path-env" .
                     [0 0 0 0 0 0 0 0 0 0 0 1 0 0 0])
  ("eshell/pwd" .
                [0 0 0 0 0 0 0 0 1 0])
  ("max/eshell" .
                [0 0 0 0 0 0 0 0 0 1])
  ("ido-ubiquitous-mode" .
                         [0 0 0 0 0 0 1 0 0 0 0 0 0 0 0 0 0 0 0])
  ("max/lisp-settings" .
                       [0 0 0 0 0 0 2 0 0 0 0 0 0 0 0 0 0])
  ("comp" .
          [1 0 0 0])
  ("c-default-style" .
                     [0 0 0 0 0 0 1 0 0 0 0 0 0 0 0])
  ("C-x" .
         [1 0 0])
  ("C-" .
        [1 0])
  ("поставщика" .
                [0 0 0 0 0 0 2 0 0 0])
  ("производителя" .
                   [0 0 0 2 0 0 0 0 0 0 0 0 0])
  ("key_line" .
              [1 0 0 0 0 0 0 0])
  ("then" .
          [1 0 0 0])
  ("/home/" .
            [0 0 0 0 0 1])
  ("/home/max/src/python/minecraft/robot" .
                                          [0 0 0 0 0 0 0 0 0 0 0 0 0 0 0 0 0 0 0 0 0 0 0 0 0 0 0 0 0 0 0 1 0 0 0 0])
  ("Robot" .
           [1 0 0 0 0])
  ("mine" .
          [1 0 0 0])
  ("minecraft" .
               [0 0 0 0 0 0 1 0 0])
  ("r.move" .
            [1 0 0 0 0 0])
  ("UP" .
        [1 0])
  ("r.build_layer" .
                   [0 0 0 0 0 1 0 0 0 0 0 0 0])
  ("hut_layout" .
                [0 0 0 0 1 0 0 0 0 0])))
